Bloco	Data	NBPT	Dose	Fonte	N	Ca	Mg	S	P	K	Cu	Zn	Mn	Fe
1	60	0	50	ureia	NA	3.34	2.57	NA	1.89	9.83	4.74	15.65	NA	56.66
2	60	0	50	ureia	18.87	4.40	2.36	2.40	1.94	12.53	5.82	11.99	130.05	74.31
3	60	0	50	ureia	18.32	6.01	2.26	3.06	2.31	14.34	6.69	15.81	126.27	125.28
4	60	0	50	ureia	19.08	5.19	2.60	2.79	2.70	13.46	6.56	13.51	126.67	91.69
1	60	0	100	ureia	22.34	4.52	2.21	2.31	2.10	13.33	6.74	11.66	184.17	104.04
2	60	0	100	ureia	19.07	6.87	2.64	3.14	1.86	11.95	6.46	13.80	129.88	89.17
3	60	0	100	ureia	17.67	6.47	2.36	2.95	2.31	13.81	6.58	14.43	136.77	136.89
4	60	0	100	ureia	17.74	7.63	2.92	3.44	2.35	12.15	6.39	13.92	131.79	101.23
1	60	530	50	u530	19.93	6.69	2.43	3.03	1.92	12.48	6.23	13.40	149.34	107.80
2	60	530	50	u530	18.34	6.68	2.16	2.89	1.99	14.46	6.20	17.34	143.09	104.54
3	60	530	50	u530	19.08	5.52	2.86	3.07	2.23	11.53	6.19	13.34	134.46	99.50
4	60	530	50	u530	18.08	5.63	2.73	2.84	2.84	14.06	6.84	14.76	172.77	94.95
1	60	530	100	u530	21.25	5.74	2.48	2.59	1.94	13.50	6.30	12.86	158.42	132.11
2	60	530	100	u530	20.53	5.54	2.35	2.97	2.26	14.65	7.07	13.54	150.19	107.92
3	60	530	100	u530	18.15	5.78	2.43	3.06	2.16	12.90	6.80	14.51	146.41	113.55
4	60	530	100	u530	19.41	6.78	2.50	3.25	2.95	15.19	7.87	12.94	134.06	99.27
1	60	950	50	u950	21.50	5.42	2.68	2.72	2.20	14.28	7.13	13.92	198.79	118.92
2	60	950	50	u950	18.12	6.06	2.42	2.78	2.11	13.87	6.16	12.24	148.71	99.67
3	60	950	50	u950	18.13	6.47	2.42	2.74	2.17	12.37	6.03	14.32	113.21	115.41
4	60	950	50	u950	16.47	7.27	2.70	3.41	2.63	13.77	6.82	13.02	127.09	105.40
1	60	950	100	u950	20.44	4.70	2.11	2.71	1.98	14.02	6.45	11.12	159.40	90.77
2	60	950	100	u950	20.16	6.28	2.28	3.12	2.26	14.84	6.68	14.24	157.50	83.68
3	60	950	100	u950	19.36	5.22	2.38	2.88	2.44	14.89	6.82	14.34	170.17	117.56
4	60	950	100	u950	18.03	6.20	2.59	3.05	1.76	12.05	5.24	12.31	128.42	NA
1	60	1500	50	u1500	20.59	4.68	2.18	2.31	2.36	13.76	6.85	11.49	165.20	118.36
2	60	1500	50	u1500	19.14	7.56	2.91	3.70	2.12	12.14	7.13	14.86	134.59	112.64
3	60	1500	50	u1500	18.60	5.04	2.46	2.89	2.20	14.69	6.52	14.31	136.33	115.91
4	60	1500	50	u1500	16.32	6.06	2.52	2.88	1.95	11.13	4.91	10.42	116.75	90.66
1	60	1500	100	u1500	19.97	6.83	2.00	2.42	2.05	11.45	7.00	12.90	128.13	108.33
2	60	1500	100	u1500	19.26	5.02	2.48	2.73	2.19	14.84	6.28	12.37	174.95	89.95
3	60	1500	100	u1500	19.42	6.23	2.37	3.11	2.16	12.50	6.91	17.66	169.08	122.78
4	60	1500	100	u1500	19.35	6.37	2.49	2.58	1.89	11.32	5.56	12.77	142.87	88.52
1	60	2000	50	u2000	20.09	5.89	2.76	2.94	2.03	12.85	6.92	13.66	215.09	98.10
2	60	2000	50	u2000	19.29	5.83	2.53	3.44	2.34	14.03	7.06	13.10	169.04	105.55
3	60	2000	50	u2000	18.87	4.01	2.33	2.93	2.51	17.30	6.71	12.74	132.93	94.46
4	60	2000	50	u2000	17.87	6.22	2.36	2.82	2.05	11.20	5.31	10.99	119.25	81.94
1	60	2000	100	u2000	21.14	6.37	2.81	3.21	2.21	12.93	7.19	13.30	195.59	116.40
2	60	2000	100	u2000	18.80	4.42	2.28	2.76	2.07	14.17	6.35	12.28	162.30	100.63
3	60	2000	100	u2000	20.26	5.88	2.73	3.29	2.55	13.68	7.57	13.79	152.06	119.67
4	60	2000	100	u2000	18.97	4.32	2.29	2.47	1.90	12.34	5.37	10.93	141.24	75.32
1	120	0	50	ureia	15.18	4.26	1.89	1.87	2.31	12.42	4.31	9.23	94.29	61.43
2	120	0	50	ureia	14.76	5.17	2.02	2.31	3.02	13.41	4.48	10.28	98.34	65.66
3	120	0	50	ureia	15.14	4.03	1.84	1.80	2.21	12.70	4.33	10.75	71.43	63.05
4	120	0	50	ureia	16.14	4.35	2.16	2.12	2.47	13.77	4.97	10.71	90.32	79.50
1	120	0	100	ureia	16.50	3.70	2.09	1.81	2.61	13.26	4.43	11.12	114.37	86.01
2	120	0	100	ureia	16.04	3.26	1.41	1.43	1.61	10.83	NA	NA	65.80	69.87
3	120	0	100	ureia	15.70	4.58	1.82	1.79	2.15	11.90	4.73	12.03	64.49	61.82
4	120	0	100	ureia	16.29	4.37	1.89	2.22	2.24	12.70	5.01	9.43	71.33	64.91
1	120	530	50	u530	15.16	4.45	1.96	1.98	2.63	12.30	4.46	8.76	85.78	60.58
2	120	530	50	u530	15.04	5.10	1.69	2.23	3.21	14.22	4.60	10.39	91.09	70.75
3	120	530	50	u530	16.50	4.61	2.41	2.14	2.42	12.50	5.35	12.23	90.23	93.21
4	120	530	50	u530	16.40	3.94	2.21	2.04	2.47	13.57	5.20	11.04	95.96	71.41
1	120	530	100	u530	16.44	4.21	2.08	1.97	2.34	12.74	5.26	9.66	NA	67.81
2	120	530	100	u530	16.22	5.51	1.90	2.62	3.03	12.63	4.79	10.97	80.70	68.62
3	120	530	100	u530	16.11	4.34	2.02	2.10	2.15	12.32	4.88	11.53	80.07	76.21
4	120	530	100	u530	16.80	5.43	2.03	2.36	2.61	14.49	5.38	13.53	74.01	84.83
1	120	950	50	u950	14.34	3.55	1.82	1.80	2.55	12.49	3.95	10.46	91.41	64.24
2	120	950	50	u950	16.25	4.89	2.14	2.35	2.91	13.57	4.33	11.37	97.52	64.67
3	120	950	50	u950	15.30	4.28	1.81	1.98	2.24	12.10	4.65	13.37	67.19	61.18
4	120	950	50	u950	15.82	5.18	1.83	2.26	2.35	13.80	4.85	10.43	83.43	68.94
1	120	950	100	u950	16.93	3.84	2.07	2.10	2.56	12.01	4.64	12.37	107.14	63.36
2	120	950	100	u950	17.20	NA	1.98	2.91	3.22	13.42	4.93	12.97	94.91	66.92
3	120	950	100	u950	15.88	4.41	2.03	2.07	2.19	11.70	5.36	NA	80.98	79.78
4	120	950	100	u950	16.68	4.98	1.91	1.94	2.09	12.29	4.74	13.99	77.63	69.61
1	120	1500	50	u1500	15.87	3.80	1.85	1.87	2.58	11.42	4.36	10.71	99.37	65.68
2	120	1500	50	u1500	13.98	4.79	1.72	2.60	2.65	12.44	3.97	9.28	83.88	60.85
3	120	1500	50	u1500	16.27	4.18	2.02	1.98	2.20	13.05	4.63	9.05	88.78	84.70
4	120	1500	50	u1500	15.89	5.39	2.04	2.03	2.40	13.52	4.67	10.06	92.50	65.69
1	120	1500	100	u1500	14.99	5.78	1.73	2.03	2.60	12.88	5.30	11.35	96.65	69.31
2	120	1500	100	u1500	16.34	5.14	2.17	2.69	3.19	12.37	4.41	11.87	116.59	68.46
3	120	1500	100	u1500	16.35	3.97	1.92	2.00	2.08	12.32	4.92	11.27	97.83	63.61
4	120	1500	100	u1500	16.00	4.11	1.87	2.03	2.36	12.75	4.20	10.83	83.43	NA
1	120	2000	50	u2000	15.85	4.43	2.12	2.21	2.78	12.62	4.54	9.33	121.61	70.24
2	120	2000	50	u2000	15.33	5.45	1.98	2.73	3.36	13.22	4.58	12.14	109.01	66.26
3	120	2000	50	u2000	15.31	3.67	1.90	2.04	2.16	14.19	4.66	9.23	87.10	66.62
4	120	2000	50	u2000	16.29	4.82	2.02	2.34	2.62	13.16	4.89	12.15	83.03	73.59
1	120	2000	100	u2000	16.68	4.42	2.09	2.48	2.92	12.07	4.90	11.77	109.66	68.95
2	120	2000	100	u2000	15.83	4.91	2.06	2.70	3.38	13.81	4.55	11.06	115.55	70.79
3	120	2000	100	u2000	16.60	4.67	2.09	2.13	2.16	11.87	5.38	11.78	86.08	60.25
4	120	2000	100	u2000	17.27	4.67	2.08	2.44	2.82	12.58	4.94	11.54	103.77	66.66